%YAML:1.0
image_width: 1280
image_height: 720
camera_name: usb_cam
camera_matrix:
  rows: 3
  cols: 3
  data: [969.098367, 0.0, 641.208816,
         0.0, 970.275259, 374.419864,
         0.0, 0.0, 1.0]
distortion_model: plumb_bob
distortion_coefficients:
  rows: 1
  cols: 5
  data: [0.050537, -0.157244, 0.006489, 0.002508, 0.0]
rectification_matrix:
  rows: 3
  cols: 3
  data: [1.0, 0.0, 0.0,
         0.0, 1.0, 0.0,
         0.0, 0.0, 1.0]
projection_matrix:
  rows: 3
  cols: 4
  data: [960.477600, 0.0, 644.343820, 0.0,
         0.0, 973.668396, 376.914040, 0.0,
         0.0, 0.0, 1.0, 0.0]

